74.33333333333333
55.0
61.666666666666664
63.0
62.333333333333336
36.0
60.666666666666664
50.333333333333336
55.0
84.33333333333333
49.0
78.33333333333333
58.333333333333336
54.0
54.0
90.33333333333333
64.33333333333333
64.33333333333333
65.66666666666667
75.33333333333333
36.666666666666664
60.666666666666664
58.666666666666664
75.0
53.333333333333336
57.666666666666664
57.666666666666664
53.0
75.33333333333333
56.0
59.333333333333336
70.66666666666667
77.33333333333333
61.0
70.0
50.333333333333336
72.66666666666667
63.666666666666664
72.66666666666667
65.66666666666667
88.66666666666667
72.33333333333333
77.66666666666667
44.0
47.0
71.33333333333333
63.333333333333336
77.33333333333333
28.333333333333332
50.666666666666664
49.666666666666664
76.0
60.05769230769231 67.5576923076923 59.88461538461539